00011846_s004_t003 462.0 476.0 1.0 15
00011846_s004_t000 224.0 243.0 1.0 15
00011846_s003_t006 125.0 154.0 1.0 15
00011846_s003_t008 67.0 91.0 1.0 15
00011846_s004_t002 330.0 373.0 1.0 15
00011846_s002_t001 3087.0 3102.0 1.0 15
00011846_s003_t005 86.0 108.0 1.0 15
00011846_s003_t005 519.0 542.0 1.0 15
00011846_s004_t001 236.0 267.0 1.0 15
00011846_s003_t002 537.0 555.0 1.0 15
00011846_s003_t007 27.0 61.0 1.0 15
00011846_s003_t007 337.0 367.0 1.0 15
00011846_s004_t004 208.0 230.0 1.0 15
00011846_s003_t003 152.0 174.0 1.0 15
00011846_s004_t006 500.0 522.0 1.0 15
00005028_s006_t007 134.0 159.0 1.0 15
00005028_s006_t009 333.0 348.0 1.0 15
00005028_s006_t002 454.0 489.0 1.0 15
00005028_s004_t000 35.0 54.0 1.0 15
00012427_s001_t000 140.0 169.0 1.0 15
00012427_s001_t000 245.0 270.0 1.0 15
00012427_s001_t000 902.0 928.0 1.0 15
00012534_s004_t000 136.0 162.0 1.0 15
00012534_s001_t000 159.0 182.0 1.0 15
00012534_s001_t000 1229.0 1251.0 1.0 15
00012534_s001_t000 1428.0 1450.0 1.0 15
00012534_s001_t000 1626.0 1646.0 1.0 15
00012534_s001_t000 1806.0 1839.0 1.0 15
00012534_s004_t001 59.0 95.0 1.0 15
00012534_s004_t001 403.0 444.0 1.0 15
00011332_s002_t010 350.0 460.0 1.0 15
00011332_s002_t010 563.0 661.0 1.0 15
00011332_s002_t005 375.0 407.0 1.0 15
00011332_s001_t000 372.0 480.0 1.0 15
00011332_s001_t000 920.0 952.0 1.0 15
00011332_s001_t000 1302.0 1401.0 1.0 15
00011332_s002_t007 87.0 183.0 1.0 15
00011332_s002_t004 352.0 458.0 1.0 15
00011332_s002_t012 280.0 294.0 1.0 15
00011332_s002_t002 542.0 583.0 1.0 15
00011332_s002_t000 128.0 151.0 1.0 15
00011332_s002_t011 180.0 201.0 1.0 15
00011332_s002_t011 236.0 294.0 1.0 15
00011326_s006_t005 312.0 329.0 1.0 15
00011326_s003_t004 344.0 372.0 1.0 15
00011326_s003_t002 348.0 365.0 1.0 15
00012742_s002_t002 315.0 330.0 1.0 15
00012742_s002_t002 527.0 560.0 1.0 15
00012742_s001_t001 558.0 645.0 1.0 15
00012742_s001_t001 732.0 860.0 1.0 15
00012742_s001_t001 1016.0 1101.0 1.0 15
00012870_s002_t002 409.0 445.0 1.0 15
00013002_s002_t000 975.0 1023.0 1.0 15
00011497_s001_t000 446.0 505.0 1.0 15
00012941_s001_t001 497.0 524.0 1.0 15
00012941_s001_t001 558.0 592.0 1.0 15
00012941_s003_t003 349.0 405.0 1.0 15
00012941_s003_t003 679.0 695.0 1.0 15
00012941_s003_t007 361.0 442.0 1.0 15
00012941_s003_t007 580.0 745.0 1.0 15
00000458_s017_t020 1.0 24.0 1.0 15
00000458_s014_t009 796.0 815.0 1.0 15
00000458_s014_t003 53.0 69.0 1.0 15
00006546_s029_t001 111.0 141.0 1.0 15
00006546_s029_t001 599.0 629.0 1.0 15
00006546_s029_t001 944.0 970.0 1.0 15
00006546_s029_t003 521.0 555.0 1.0 15
00006546_s031_t000 229.0 252.0 1.0 15
00006546_s029_t002 522.0 552.0 1.0 15
00006546_s031_t005 97.0 132.0 1.0 15
00006546_s028_t000 183.0 218.0 1.0 15
00006546_s028_t000 678.0 711.0 1.0 15
00006546_s028_t000 1024.0 1055.0 1.0 15
00006546_s028_t000 1315.0 1341.0 1.0 15
00006546_s032_t003 202.0 234.0 1.0 15
00006546_s032_t003 565.0 585.0 1.0 15
00006546_s032_t003 733.0 770.0 1.0 15
00006546_s031_t002 131.0 152.0 1.0 15
00006546_s031_t006 19.0 61.0 1.0 15
00006546_s031_t006 446.0 485.0 1.0 15
00006546_s032_t004 91.0 105.0 1.0 15
00006546_s029_t006 322.0 356.0 1.0 15
00006546_s032_t000 336.0 377.0 1.0 15
00006546_s032_t000 588.0 627.0 1.0 15
00006546_s032_t000 744.0 785.0 1.0 15
00006546_s032_t000 961.0 996.0 1.0 15
00006546_s032_t002 118.0 153.0 1.0 15
00006546_s032_t002 308.0 346.0 1.0 15
00006546_s032_t002 513.0 535.0 1.0 15
00006546_s029_t004 141.0 182.0 1.0 15
00006546_s031_t003 78.0 113.0 1.0 15
00006546_s031_t003 234.0 261.0 1.0 15
00006546_s031_t003 386.0 402.0 1.0 15
00006546_s031_t003 534.0 558.0 1.0 15
00006546_s032_t001 3.0 47.0 1.0 15
00006546_s032_t001 245.0 294.0 1.0 15
00006546_s029_t000 151.0 179.0 1.0 15
00006546_s031_t001 136.0 155.0 1.0 15
00006546_s031_t001 480.0 495.0 1.0 15
00006546_s031_t004 10.0 46.0 1.0 15
00006546_s031_t004 226.0 269.0 1.0 15
00006546_s031_t004 391.0 426.0 1.0 15
00006546_s031_t004 576.0 597.0 1.0 15
00011575_s004_t001 331.0 363.0 1.0 15
00011575_s004_t005 307.0 396.0 1.0 15
00011575_s004_t004 253.0 339.0 1.0 15
00011575_s004_t006 307.0 381.0 1.0 15
00011575_s004_t006 562.0 636.0 1.0 15
00011575_s001_t001 823.0 899.0 1.0 15
00011575_s001_t001 1923.0 2008.0 1.0 15
00011575_s004_t016 663.0 691.0 1.0 15
00011575_s004_t007 305.0 329.0 1.0 15
00011575_s004_t002 317.0 350.0 1.0 15
00011575_s003_t000 543.0 599.0 1.0 15
00011575_s003_t000 2330.0 2372.0 1.0 15
00011575_s004_t000 542.0 595.0 1.0 15
00010930_s010_t003 651.0 711.0 1.0 15
00005208_s011_t000 110.0 137.0 1.0 15
00005208_s014_t000 101.0 126.0 1.0 15
00011276_s002_t000 531.0 552.0 1.0 15
00011276_s003_t001 337.0 351.0 1.0 15
00011276_s001_t000 176.0 209.0 1.0 15
00002849_s007_t001 566.0 584.0 1.0 15
00012320_s005_t011 302.0 359.0 1.0 15
00012320_s005_t007 326.0 378.0 1.0 15
00012391_s002_t007 367.0 407.0 1.0 15
00012391_s003_t004 326.0 376.0 1.0 15
00012391_s001_t000 814.0 910.0 1.0 15
00011975_s003_t026 305.0 335.0 1.0 15
00011975_s003_t022 346.0 362.0 1.0 15
00013002_s004_t011 49.0 110.0 1.0 15
